sk       Eth Pid    Groups   Rmem     Wmem     Dump     Locks     Drops     Inode
c5948400 0   460    00000440 0        0        0 2        0        2071    
c5358400 0   618    00000004 0        0        0 2        0        1229    
c60a0c00 0   0      00000000 0        0        0 2        0        1029    
c58b9800 4   0      00000000 0        0        0 2        0        1079    
c58fd000 10  0      00000000 0        0        0 2        0        1044    
c60a1400 15  0      00000000 0        0        0 2        0        1031    
c60a3800 16  0      00000000 0        0        0 2        0        1042    
c60a1800 25  0      00000000 0        0        0 2        0        1033    
c5358000 25  65536  00000000 0        0        0 2        0        1218    
c60a1c00 26  0      00000000 0        0        0 2        0        1034    
c535a800 26  8651009 00000011 0        0        0 2        0        1393    
c5067800 27  8652545 00000011 0        0        0 2        0        2322    
c60a2000 27  0      00000000 0        0        0 2        0        1035    
