Num       RefCount Protocol Flags    Type St Inode Path
c4892e40: 00000002 00000000 00000000 0002 01  2306 /var/tmp/gponomci.alarm_asy
c48930a0: 00000002 00000000 00000000 0002 01  2308 /var/tmp/gponomci.alarm_snd
c48937c0: 00000002 00000000 00000000 0002 01  2313 /var/tmp/gponomci.perform_asy
c4893a20: 00000002 00000000 00000000 0002 01  2315 /var/tmp/gponomci.perform_snd
c48aa260: 00000002 00000000 00000000 0002 01  2320 /var/tmp/gponomci_oam
c48aa980: 00000002 00000000 00000000 0002 01  2333 /var/tmp/HTTPD.tr069_task_asy
c48aabe0: 00000002 00000000 00000000 0002 01  2335 /var/tmp/HTTPD.tr069_task_snd
c59a8000: 00000002 00000000 00000000 0002 01  2100 /var/tmp/pc
c59a8260: 00000002 00000000 00000000 0002 01  2102 /var/tmp/logcat_ctrl
c59a84c0: 00000002 00000000 00000000 0002 01  2104 /var/tmp/rpcAgent
c59a8be0: 00000002 00000000 00000000 0002 01  2109 /var/tmp/cspd_oam
c598a4c0: 00000002 00000000 00000000 0002 01  1119 /var/tmp/cspd.dbd_task_asy
c598a720: 00000002 00000000 00000000 0002 01  1121 /var/tmp/cspd.dbd_task_snd
c598ae40: 00000002 00000000 00000000 0002 01  1126 /var/tmp/cspd.cspd_asy
c532d300: 00000002 00000000 00000000 0002 01  1383 /var/tmp/svcabi.svc_task_asy
c598b0a0: 00000002 00000000 00000000 0002 01  1128 /var/tmp/cspd.cspd_snd
c532d560: 00000002 00000000 00000000 0002 01  1385 /var/tmp/svcabi.svc_task_snd
c598b7c0: 00000002 00000000 00000000 0002 01  1133 /var/tmp/cspd.dnsurl_asy
c532dc80: 00000002 00000000 00000000 0002 01  1390 /var/tmp/svcabi_oam
c598ba20: 00000002 00000000 00000000 0002 01  1135 /var/tmp/cspd.dnsurl_snd
c48364c0: 00000002 00000000 00000000 0002 01  1398 /var/tmp/VoIP.BoardControl_asy
c5322260: 00000002 00000000 00000000 0002 01  1143 /var/tmp/cspd.dhcp4c_task_asy
c4836720: 00000002 00000000 00000000 0002 01  1400 /var/tmp/VoIP.BoardControl_snd
c53224c0: 00000002 00000000 00000000 0002 01  1145 /var/tmp/cspd.dhcp4c_task_snd
c4836e40: 00000002 00000000 00000000 0002 01  1405 /var/tmp/VoIP.BCC_asy
c5322be0: 00000002 00000000 00000000 0002 01  1150 /var/tmp/cspd.IGMP_asy
c48370a0: 00000002 00000000 00000000 0002 01  1407 /var/tmp/VoIP.BCC_snd
c5322e40: 00000002 00000000 00000000 0002 01  1152 /var/tmp/cspd.IGMP_snd
c48377c0: 00000002 00000000 00000000 0002 01  1412 /var/tmp/VoIP.RCA_asy
c5323560: 00000002 00000000 00000000 0002 01  1157 /var/tmp/cspd.MLD_asy
c4837a20: 00000002 00000000 00000000 0002 01  1414 /var/tmp/VoIP.RCA_snd
c53237c0: 00000002 00000000 00000000 0002 01  1159 /var/tmp/cspd.MLD_snd
c48be260: 00000002 00000000 00000000 0002 01  1419 /var/tmp/VoIP.VoipDspRoot_asy
c5324000: 00000002 00000000 00000000 0002 01  1164 /var/tmp/cspd.dhcp6s_task_asy
c48be4c0: 00000002 00000000 00000000 0002 01  1421 /var/tmp/VoIP.VoipDspRoot_snd
c5324260: 00000002 00000000 00000000 0002 01  1166 /var/tmp/cspd.dhcp6s_task_snd
c48bebe0: 00000002 00000000 00000000 0002 01  1426 /var/tmp/VoIP.SLCCONTROL_asy
c5324980: 00000002 00000000 00000000 0002 01  1171 /var/tmp/cspd.log_task_asy
c48bee40: 00000002 00000000 00000000 0002 01  1428 /var/tmp/VoIP.SLCCONTROL_snd
c5324be0: 00000002 00000000 00000000 0002 01  1173 /var/tmp/cspd.log_task_snd
c48bf560: 00000002 00000000 00000000 0002 01  1433 /var/tmp/VoIP.SLCREPORT_asy
c5325300: 00000002 00000000 00000000 0002 01  1178 /var/tmp/cspd.dhcps_task_asy
c48bf7c0: 00000002 00000000 00000000 0002 01  1435 /var/tmp/VoIP.SLCREPORT_snd
c5325560: 00000002 00000000 00000000 0002 01  1180 /var/tmp/cspd.dhcps_task_snd
c48c0000: 00000002 00000000 00000000 0002 01  1440 /var/tmp/VoIP.VoipSip_asy
c5325c80: 00000002 00000000 00000000 0002 01  1185 /var/tmp/cspd.adev_task_asy
c48c0260: 00000002 00000000 00000000 0002 01  1442 /var/tmp/VoIP.VoipSip_snd
c5326000: 00000002 00000000 00000000 0002 01  1187 /var/tmp/cspd.adev_task_snd
c48c0980: 00000002 00000000 00000000 0002 01  1447 /var/tmp/VoIP_oam
c5326720: 00000002 00000000 00000000 0002 01  1192 /var/tmp/cspd.cspconfig_asy
c5326980: 00000002 00000000 00000000 0002 01  1194 /var/tmp/cspd.cspconfig_snd
c48c10a0: 00000002 00000000 00000000 0002 01  1452 /var/tmp/telnetd.telnetd_asy
c48c1300: 00000002 00000000 00000000 0002 01  1454 /var/tmp/telnetd.telnetd_snd
c53270a0: 00000002 00000000 00000000 0002 01  1199 /var/tmp/cspd.srm_task_asy
c5327300: 00000002 00000000 00000000 0002 01  1201 /var/tmp/cspd.srm_task_snd
c48c1a20: 00000002 00000000 00000000 0002 01  1459 /var/tmp/telnetd_oam
c5327a20: 00000002 00000000 00000000 0002 01  1206 /var/tmp/cspd.comm_task_asy
c488a260: 00000002 00000000 00000000 0002 01  1464 /var/tmp/HTTPD.webd_task_asy
c5327c80: 00000002 00000000 00000000 0002 01  1208 /var/tmp/cspd.comm_task_snd
c488a4c0: 00000002 00000000 00000000 0002 01  1466 /var/tmp/HTTPD.webd_task_snd
c532c4c0: 00000002 00000000 00000000 0002 01  1213 /var/tmp/cspd.wwan_asy
c488abe0: 00000002 00000000 00000000 0002 01  1471 /var/tmp/upnp.upnptask_asy
c532c720: 00000002 00000000 00000000 0002 01  1215 /var/tmp/cspd.wwan_snd
c488ae40: 00000002 00000000 00000000 0002 01  1473 /var/tmp/upnp.upnptask_snd
c488b560: 00000002 00000000 00000000 0002 01  1478 /var/tmp/upnp.dmsmsgtask_asy
c488b7c0: 00000002 00000000 00000000 0002 01  1480 /var/tmp/upnp.dmsmsgtask_snd
c4b76000: 00000002 00000000 00000000 0002 01  1485 /var/tmp/upnp.dmsmgrtask_asy
c4b76260: 00000002 00000000 00000000 0002 01  1487 /var/tmp/upnp.dmsmgrtask_snd
c532c980: 00000002 00000000 00000000 0002 01  1235 /var/tmp/logf_mgt0X0000026A
c4b76980: 00000002 00000000 00000000 0002 01  1492 /var/tmp/upnp_oam
c532cbe0: 00000002 00000000 00000000 0002 01  1237 /var/tmp/unix_logf_data
c59a9300: 00000002 00000000 00000000 0002 01  2264 /var/tmp/gponomci.sys_asy
c4b770a0: 00000002 00000000 00000000 0002 01  1497 /var/tmp/HTTPD_oam
c59a9560: 00000002 00000000 00000000 0002 01  2266 /var/tmp/gponomci.sys_snd
c48aae40: 00000002 00000000 00000000 0002 01  2525 /var/tmp/pppd0._snd
c59a9c80: 00000002 00000000 00000000 0002 01  2271 /var/tmp/gponomci.omcidebug_asy
c4890000: 00000002 00000000 00000000 0002 01  2273 /var/tmp/gponomci.omcidebug_snd
c4890720: 00000002 00000000 00000000 0002 01  2278 /var/tmp/gponomci.omci_asy
c4890980: 00000002 00000000 00000000 0002 01  2280 /var/tmp/gponomci.omci_snd
c48910a0: 00000002 00000000 00000000 0002 01  2285 /var/tmp/gponomci.sender_asy
c4891300: 00000002 00000000 00000000 0002 01  2287 /var/tmp/gponomci.sender_snd
c4891a20: 00000002 00000000 00000000 0002 01  2292 /var/tmp/gponomci.omcitoplat_asy
c4891c80: 00000002 00000000 00000000 0002 01  2294 /var/tmp/gponomci.omcitoplat_snd
c48924c0: 00000002 00000000 00000000 0002 01  2299 /var/tmp/gponomci.omciUpgrade_asy
c4892720: 00000002 00000000 00000000 0002 01  2301 /var/tmp/gponomci.omciUpgrade_snd
c4890e40: 00000003 00000000 00000000 0001 03  2283
c48c0e40: 00000003 00000000 00000000 0001 03  1450
c53250a0: 00000003 00000000 00000000 0001 03  1176
c59a97c0: 00000003 00000000 00000000 0001 03  2268
c532da20: 00000003 00000000 00000000 0001 03  1388
c4892260: 00000003 00000000 00000000 0001 03  2297
c598abe0: 00000003 00000000 00000000 0001 03  1124
c4893560: 00000003 00000000 00000000 0001 03  2311
c48bf0a0: 00000003 00000000 00000000 0001 03  1430
c48be980: 00000003 00000000 00000000 0001 03  1424
c4836000: 00000003 00000000 00000000 0001 03  1395
c48aa4c0: 00000003 00000000 00000000 0001 03  2330
c4890260: 00000003 00000000 00000000 0001 03  2275
c48bfc80: 00000003 00000000 00000000 0001 03  1438
c4b76720: 00000003 00000000 00000000 0001 03  1490
c4837300: 00000003 00000000 00000000 0001 03  1409
c532c000: 00000003 00000000 00000000 0001 03  1210
c4891560: 00000003 00000000 00000000 0001 03  2289
c48c1560: 00000003 00000000 00000000 0001 03  1456
c53277c0: 00000003 00000000 00000000 0001 03  1204
c4836260: 00000003 00000000 00000000 0001 03  1396
c5323c80: 00000003 00000000 00000000 0001 03  1162
c4837560: 00000003 00000000 00000000 0001 03  1410
c53264c0: 00000003 00000000 00000000 0001 03  1190
c532c260: 00000003 00000000 00000000 0001 03  1211
c59a8980: 00000003 00000000 00000000 0001 03  2107
c488b0a0: 00000003 00000000 00000000 0001 03  1475
c4b76e40: 00000003 00000000 00000000 0001 03  1495
c5322980: 00000003 00000000 00000000 0001 03  1148
c53257c0: 00000003 00000000 00000000 0001 03  1182
c598bc80: 00000003 00000000 00000000 0001 03  1140
c488a980: 00000003 00000000 00000000 0001 03  1469
c53230a0: 00000003 00000000 00000000 0001 03  1154
c4892000: 00000003 00000000 00000000 0001 03  2296
c48c0720: 00000003 00000000 00000000 0001 03  1445
c59a90a0: 00000003 00000000 00000000 0001 03  2262
c488bc80: 00000003 00000000 00000000 0001 03  1483
c53244c0: 00000003 00000000 00000000 0001 03  1168
c598a980: 00000003 00000000 00000000 0001 03  1123
c532ce40: 00000003 00000000 00000000 0001 03  1380
c5326be0: 00000003 00000000 00000000 0001 03  1196
c4893300: 00000003 00000000 00000000 0001 03  2310
c4892be0: 00000003 00000000 00000000 0001 03  2304
c532d0a0: 00000003 00000000 00000000 0001 03  1381
c48be720: 00000003 00000000 00000000 0001 03  1423
c598b560: 00000003 00000000 00000000 0001 03  1131
c48904c0: 00000003 00000000 00000000 0001 03  2276
c48c04c0: 00000003 00000000 00000000 0001 03  1444
c5325a20: 00000003 00000000 00000000 0001 03  1183
c5324720: 00000003 00000000 00000000 0001 03  1169
c59a8e40: 00000003 00000000 00000000 0001 03  2261
c48bfa20: 00000003 00000000 00000000 0001 03  1437
c48917c0: 00000003 00000000 00000000 0001 03  2290
c48c17c0: 00000003 00000000 00000000 0001 03  1457
c598a260: 00000003 00000000 00000000 0001 03  1117
c48c0be0: 00000003 00000000 00000000 0001 03  1449
c4890be0: 00000003 00000000 00000000 0001 03  2282
c4836980: 00000003 00000000 00000000 0001 03  1402
c48be000: 00000003 00000000 00000000 0001 03  1417
c4837c80: 00000003 00000000 00000000 0001 03  1416
c48bf300: 00000003 00000000 00000000 0001 03  1431
c5323300: 00000003 00000000 00000000 0001 03  1155
c48aa720: 00000003 00000000 00000000 0001 03  2331
c488a720: 00000003 00000000 00000000 0001 03  1468
c4836be0: 00000003 00000000 00000000 0001 03  1403
c48c1c80: 00000003 00000000 00000000 0001 03  1461
c488ba20: 00000003 00000000 00000000 0001 03  1482
c4b764c0: 00000003 00000000 00000000 0001 03  1489
c5322000: 00000003 00000000 00000000 0001 03  1141
c5326e40: 00000003 00000000 00000000 0001 03  1197
c532d7c0: 00000003 00000000 00000000 0001 03  1387
c5327560: 00000003 00000000 00000000 0001 03  1203
c4892980: 00000003 00000000 00000000 0001 03  2303
c59a9a20: 00000003 00000000 00000000 0001 03  2269
c488a000: 00000003 00000000 00000000 0001 03  1462
c5323a20: 00000003 00000000 00000000 0001 03  1161
c48aa000: 00000003 00000000 00000000 0001 03  2318
c598b300: 00000003 00000000 00000000 0001 03  1130
c5322720: 00000003 00000000 00000000 0001 03  1147
c4893c80: 00000003 00000000 00000000 0001 03  2317
c5326260: 00000003 00000000 00000000 0001 03  1189
c4b76be0: 00000003 00000000 00000000 0001 03  1494
c59a8720: 00000003 00000000 00000000 0001 03  2106
c5324e40: 00000003 00000000 00000000 0001 03  1175
c598a000: 00000003 00000000 00000000 0001 03  1116
c488b300: 00000003 00000000 00000000 0001 03  1476
